Mensaje en binario:
Mensaje:
"Empezamos el técnico en la Universidad Galileo."

01000101 01101101 01110000 01100101 01111010 01100001 01101101 01101111 01110011 00100000 
01100101 01101100 00100000 01110100 11101001 01100011 01101110 01101001 01100011 01101111 
00100000 01100101 01101110 00100000 01101100 01100001 00100000 01010101 01101110 01101001 
01110110 01100101 01110010 01110011 01101001 01100100 01100001 01100100 00100000 01000111 
01100001 01101100 01101001 01101100 01100101 01101111 00101110

Nombre:
"Marvin Mazariegos"

Nombre en binario:
01001101 01100001 01110010 01110110 01101001 01101110 00100000 
01001101 01100001 01111010 01100001 01110010 01101001 01100101 01100111 01101111 01110011
